SCALE:                          14
edgefactor:                     16
NBFS:                           64
graph_generation:               0.126552
num_mpi_processes:              2
construction_time:              0.0764215
min_time:                       0.0064404
firstquartile_time:             0.00741184
median_time:                    0.00789535
thirdquartile_time:             0.00937653
max_time:                       0.0117226
mean_time:                      0.00825702
stddev_time:                    0.00108851
min_nedge:                      262144
firstquartile_nedge:            262144
median_nedge:                   262144
thirdquartile_nedge:            262144
max_nedge:                      262144
mean_nedge:                     262144
stddev_nedge:                   0
min_TEPS:                       2.23623e+07
firstquartile_TEPS:             2.79575e+07
median_TEPS:                    3.32023e+07
thirdquartile_TEPS:             3.53683e+07
max_TEPS:                       4.07031e+07
harmonic_mean_TEPS:             3.1748e+07
harmonic_stddev_TEPS:           527298
min_validate:                   0.607892
firstquartile_validate:         0.656985
median_validate:                0.687768
thirdquartile_validate:         0.713041
max_validate:                   0.780241
mean_validate:                  0.68769
stddev_validate:                0.0426585
SCALE:                          12
edgefactor:                     16
NBFS:                           64
graph_generation:               0.0366874
num_mpi_processes:              2
construction_time:              0.055547
min_time:                       0.00164008
firstquartile_time:             0.00233018
median_time:                    0.00242865
thirdquartile_time:             0.00249457
max_time:                       0.00492406
mean_time:                      0.00246621
stddev_time:                    0.000588169
min_nedge:                      65535
firstquartile_nedge:            65535
median_nedge:                   65535
thirdquartile_nedge:            65535
max_nedge:                      65535
mean_nedge:                     65535
stddev_nedge:                   0
min_TEPS:                       1.33091e+07
firstquartile_TEPS:             2.6271e+07
median_TEPS:                    2.69841e+07
thirdquartile_TEPS:             2.81244e+07
max_TEPS:                       3.99584e+07
harmonic_mean_TEPS:             2.65731e+07
harmonic_stddev_TEPS:           798443
min_validate:                   0.313367
firstquartile_validate:         0.347828
median_validate:                0.362491
thirdquartile_validate:         0.376387
max_validate:                   0.397177
mean_validate:                  0.361436
stddev_validate:                0.0207814
